   0.00000, 524.59677, 185.92357
   0.01695, 527.82258, 185.92357
   0.03389, 524.59677, 179.68153
   0.05084, 524.59677, 179.68153
   0.06779, 524.59677, 185.92357
   0.08474, 524.59677, 185.92357
   0.10168, 527.01613, 185.92357
   0.11863, 527.01613, 185.92357
   0.13558, 527.01613, 185.92357
   0.15252, 527.01613, 185.92357
   0.16947, 527.01613, 185.92357
   0.18642, 527.01613, 185.92357
   0.20337, 527.01613, 185.92357
   0.22031, 527.01613, 185.92357
   0.23726, 527.01613, 185.92357
   0.25421, 527.01613, 185.92357
   0.27115, 527.01613, 185.92357
   0.28810, 527.01613, 185.92357
   0.30505, 527.01613, 185.92357
   0.32199, 527.01613, 185.92357
   0.33894, 527.01613, 185.92357
   0.35589, 527.01613, 185.92357
   0.37284, 527.01613, 185.92357
   0.38978, 527.01613, 185.92357
   0.40673, 527.01613, 185.92357
   0.42368, 531.85484, 183.24841
   0.44062, 527.01613, 188.59873
   0.45757, 531.85484, 183.24841
   0.47452, 531.85484, 183.24841
   0.49147, 531.85484, 183.24841
   0.50841, 531.85484, 183.24841
   0.52536, 531.04839, 185.03185
   0.54231, 531.04839, 185.03185
   0.55925, 527.01613, 183.24841
   0.57620, 530.24194, 185.03185
   0.59315, 530.24194, 185.03185
   0.61010, 531.85484, 183.24841
   0.62704, 531.85484, 183.24841
   0.64399, 531.85484, 183.24841
   0.66094, 531.85484, 183.24841
   0.67788, 531.85484, 183.24841
   0.69483, 531.85484, 183.24841
   0.71178, 531.85484, 183.24841
   0.72873, 531.85484, 183.24841
   0.74567, 534.27419, 185.92357
   0.76262, 534.27419, 185.92357
   0.77957, 534.27419, 182.35669
   0.79651, 534.27419, 182.35669
   0.81346, 534.27419, 182.35669
   0.83041, 534.27419, 182.35669
   0.84735, 534.27419, 180.57325
   0.86430, 534.27419, 180.57325
   0.88125, 536.69355, 183.24841
   0.89820, 536.69355, 183.24841
   0.91514, 536.69355, 183.24841
   0.93209, 534.27419, 183.24841
   0.94904, 534.27419, 183.24841
   0.96598, 537.50000, 186.81529
   0.98293, 537.50000, 186.81529
   0.99988, 539.11290, 185.92357
   1.01683, 542.33871, 177.89809
   1.03377, 542.33871, 177.89809
   1.05072, 539.91935, 182.35669
   1.06767, 539.91935, 182.35669
   1.08461, 543.95161, 185.92357
   1.10156, 543.95161, 183.24841
   1.11851, 543.95161, 182.35669
   1.13546, 545.56452, 188.59873
   1.15240, 545.56452, 188.59873
   1.16935, 546.37097, 185.92357
   1.18630, 546.37097, 185.92357
   1.20324, 543.14516, 185.92357
   1.22019, 543.14516, 185.92357
   1.23714, 549.59677, 185.92357
   1.25409, 549.59677, 185.92357
   1.27103, 549.59677, 187.70701
   1.28798, 549.59677, 187.70701
   1.30493, 552.82258, 184.14013
   1.32187, 552.82258, 184.14013
   1.33882, 555.24194, 186.81529
   1.35577, 555.24194, 186.81529
   1.37272, 561.69355, 192.16561
   1.38966, 561.69355, 192.16561
   1.40661, 563.30645, 193.05732
   1.42356, 563.30645, 193.05732
   1.44050, 560.88710, 199.29936
   1.45745, 560.88710, 199.29936
   1.47440, 563.30645, 204.64968
   1.49134, 563.30645, 204.64968
   1.50829, 568.14516, 216.24204
   1.52524, 568.14516, 216.24204
   1.54219, 570.56452, 219.80892
   1.55913, 570.56452, 219.80892
   1.57608, 574.59677, 236.75159
   1.59303, 574.59677, 236.75159
   1.60997, 577.82258, 249.23567
   1.62692, 577.82258, 249.23567
   1.64387, 574.59677, 264.39490
   1.66082, 574.59677, 264.39490
   1.67776, 572.17742, 288.47134
   1.69471, 572.17742, 288.47134
   1.71166, 572.17742, 303.63057
   1.72860, 572.17742, 303.63057
   1.74555, 567.33871, 325.92357
   1.76250, 567.33871, 325.92357
   1.77945, 556.04839, 346.43312
   1.79639, 556.04839, 346.43312
   1.81334, 553.62903, 356.24204
   1.83029, 553.62903, 356.24204
   1.84723, 546.37097, 367.83439
   1.86418, 546.37097, 367.83439
   1.88113, 531.04839, 371.40127
   1.89808, 531.04839, 371.40127
   1.91502, 518.95161, 376.75159
   1.93197, 518.95161, 376.75159
   1.94892, 512.50000, 362.48408
   1.96586, 512.50000, 362.48408
   1.98281, 499.59677, 349.10828
   1.99976, 499.59677, 349.10828
   2.01670, 487.50000, 334.84076
   2.03365, 487.50000, 334.84076
   2.05060, 490.72581, 307.19745
   2.06755, 490.72581, 307.19745
   2.08449, 490.72581, 292.03822
   2.10144, 490.72581, 292.03822
   2.11839, 483.46774, 271.52866
   2.13533, 481.04839, 266.17834
   2.15228, 480.24194, 250.12739
   2.16923, 477.82258, 233.18471
   2.18618, 488.30645, 214.45860
   2.20312, 485.88710, 218.91720
   2.22007, 491.53226, 201.97452
   2.23702, 491.53226, 201.97452
   2.25396, 501.20968, 192.16561
   2.27091, 501.20968, 192.16561
   2.28786, 499.59677, 183.24841
   2.30481, 499.59677, 183.24841
   2.32175, 515.72581, 173.43949
   2.33870, 517.33871, 176.11465
   2.35565, 539.91935, 177.00637
   2.37259, 539.91935, 177.00637
   2.38954, 551.20968, 185.92357
   2.40649, 547.98387, 193.05732
   2.42344, 555.24194, 191.27389
   2.44038, 551.20968, 201.08280
   2.45733, 550.40323, 218.91720
   2.47428, 550.40323, 218.91720
   2.49122, 541.53226, 241.21019
   2.50817, 541.53226, 241.21019
   2.52512, 527.01613, 253.69427
   2.54207, 527.01613, 253.69427
   2.55901, 510.88710, 264.39490
   2.57596, 510.88710, 264.39490
   2.59291, 497.17742, 267.96178
   2.60985, 497.17742, 267.96178
   2.62680, 485.08065, 275.09554
   2.64375, 485.08065, 275.09554
   2.66069, 490.72581, 272.42038
   2.67764, 483.46774, 266.17834
   2.69459, 490.72581, 266.17834
   2.71154, 490.72581, 266.17834
   2.72848, 499.59677, 271.52866
   2.74543, 505.24194, 263.50318
   2.76238, 527.82258, 286.68790
   2.77932, 527.82258, 286.68790
   2.79627, 531.85484, 312.54777
   2.81322, 536.69355, 311.65605
   2.83017, 541.53226, 341.08280
   2.84711, 541.53226, 341.08280
   2.86406, 560.88710, 387.45223
   2.88101, 555.24194, 384.77707
   2.89795, 561.69355, 415.98726
   2.91490, 560.88710, 410.63694
   2.93185, 557.66129, 456.11465
   2.94880, 558.46774, 456.11465
   2.96574, 551.20968, 506.05096
   2.98269, 552.01613, 497.13376
   2.99964, 541.53226, 526.56051
   3.01658, 543.95161, 527.45223
   3.03353, 539.11290, 551.52866
   3.05048, 538.30645, 556.87898
   3.06743, 531.85484, 570.25478
   3.08437, 534.27419, 570.25478
   3.10132, 534.27419, 572.92994
   3.11827, 528.62903, 586.30573
   3.13521, 535.08065, 581.84713
   3.15216, 534.27419, 588.98089
   3.16911, 531.85484, 584.52229
   3.18605, 531.85484, 584.52229
   3.20300, 534.27419, 588.08917
   3.21995, 534.27419, 584.52229
   3.23690, 537.50000, 577.38854
   3.25384, 539.91935, 574.71338
   3.27079, 543.95161, 566.68790
   3.28774, 543.14516, 560.44586
   3.30468, 543.14516, 560.44586
   3.32163, 543.95161, 555.98726
   3.33858, 548.79032, 549.74522
   3.35553, 552.01613, 537.26115
   3.37247, 558.46774, 533.69427
   3.38942, 560.88710, 528.34395
   3.40637, 568.14516, 517.64331
