   0.00000, 515.72581,  70.00000
   0.01695, 515.72581,  70.00000
   0.03389, 512.50000,  72.67516
   0.05084, 512.50000,  72.67516
   0.06779, 514.91935,  73.56688
   0.08474, 514.91935,  73.56688
   0.10168, 514.91935,  73.56688
   0.11863, 514.91935,  73.56688
   0.13558, 514.91935,  73.56688
   0.15252, 515.72581,  70.00000
   0.16947, 515.72581,  70.00000
   0.18642, 515.72581,  70.00000
   0.20337, 514.91935,  72.67516
   0.22031, 514.91935,  72.67516
   0.23726, 516.53226,  74.45860
   0.25421, 516.53226,  74.45860
   0.27115, 517.33871,  73.56688
   0.28810, 519.75806,  70.89172
   0.30505, 519.75806,  70.89172
   0.32199, 518.95161,  74.45860
   0.33894, 518.95161,  74.45860
   0.35589, 518.95161,  74.45860
   0.37284, 518.95161,  74.45860
   0.38978, 518.95161,  74.45860
   0.40673, 518.95161,  74.45860
   0.42368, 518.95161,  74.45860
   0.44062, 522.17742,  70.89172
   0.45757, 522.17742,  70.89172
   0.47452, 522.17742,  70.89172
   0.49147, 522.17742,  70.89172
   0.50841, 522.17742,  70.89172
   0.52536, 522.17742,  70.89172
   0.54231, 522.17742,  70.89172
   0.55925, 522.17742,  70.89172
   0.57620, 524.59677,  75.35032
   0.59315, 522.17742,  73.56688
   0.61010, 522.17742,  73.56688
   0.62704, 522.17742,  73.56688
   0.64399, 522.17742,  73.56688
   0.66094, 526.20968,  71.78344
   0.67788, 526.20968,  71.78344
   0.69483, 524.59677,  77.13376
   0.71178, 524.59677,  73.56688
   0.72873, 529.43548,  70.00000
   0.74567, 524.59677,  74.45860
   0.76262, 527.01613,  70.89172
   0.77957, 527.01613,  70.89172
   0.79651, 527.82258,  75.35032
   0.81346, 527.82258,  75.35032
   0.83041, 531.85484,  70.89172
   0.84735, 531.85484,  70.89172
   0.86430, 532.66129,  77.13376
   0.88125, 532.66129,  77.13376
   0.89820, 531.85484,  75.35032
   0.91514, 531.85484,  75.35032
   0.93209, 531.85484,  71.78344
   0.94904, 531.85484,  71.78344
   0.96598, 537.50000,  70.89172
   0.98293, 537.50000,  70.89172
   0.99988, 539.11290,  77.13376
   1.01683, 539.11290,  77.13376
   1.03377, 543.14516,  76.24204
   1.05072, 543.14516,  76.24204
   1.06767, 547.98387,  70.00000
   1.08461, 539.91935,  76.24204
   1.10156, 547.98387,  71.78344
   1.11851, 547.98387,  71.78344
   1.13546, 551.20968,  79.80892
   1.15240, 551.20968,  79.80892
   1.16935, 555.24194,  76.24204
   1.18630, 555.24194,  76.24204
   1.20324, 559.27419,  75.35032
   1.22019, 559.27419,  75.35032
   1.23714, 566.53226,  77.13376
   1.25409, 566.53226,  77.13376
   1.27103, 574.59677,  79.80892
   1.28798, 574.59677,  79.80892
   1.30493, 583.46774,  86.05096
   1.32187, 583.46774,  86.05096
   1.33882, 595.56452,  86.94268
   1.35577, 595.56452,  86.94268
   1.37272, 603.62903,  90.50955
   1.38966, 603.62903,  90.50955
   1.40661, 611.69355,  97.64331
   1.42356, 611.69355,  97.64331
   1.44050, 621.37097, 112.80255
   1.45745, 621.37097, 112.80255
   1.47440, 633.46774, 126.17834
   1.49134, 633.46774, 126.17834
   1.50829, 647.98387, 142.22930
   1.52524, 647.98387, 142.22930
   1.54219, 650.40323, 161.84713
   1.55913, 650.40323, 161.84713
   1.57608, 663.30645, 183.24841
   1.59303, 663.30645, 183.24841
   1.60997, 665.72581, 209.10828
   1.62692, 665.72581, 209.10828
   1.64387, 672.98387, 238.53503
   1.66082, 671.37097, 238.53503
   1.67776, 668.14516, 271.52866
   1.69471, 668.14516, 271.52866
   1.71166, 679.43548, 302.73885
   1.72860, 679.43548, 302.73885
   1.74555, 677.01613, 333.05732
   1.76250, 673.79032, 341.08280
   1.77945, 659.27419, 380.31847
   1.79639, 659.27419, 380.31847
   1.81334, 628.62903, 419.55414
   1.83029, 628.62903, 419.55414
   1.84723, 597.98387, 441.84713
   1.86418, 597.98387, 441.84713
   1.88113, 516.53226, 470.38217
   1.89808, 509.27419, 475.73248
   1.91502, 448.79032, 437.38854
   1.93197, 448.79032, 437.38854
   1.94892, 422.17742, 396.36943
   1.96586, 422.17742, 396.36943
   1.98281, 401.20968, 341.08280
   1.99976, 401.20968, 341.08280
   2.01670, 398.79032, 299.17197
   2.03365, 399.59677, 300.95541
   2.05060, 410.88710, 252.80255
   2.06755, 411.69355, 251.91083
   2.08449, 427.82258, 206.43312
   2.10144, 427.82258, 206.43312
   2.11839, 454.43548, 177.89809
   2.13533, 454.43548, 177.89809
   2.15228, 483.46774, 160.06369
   2.16923, 508.46774, 142.22930
   2.18618, 556.04839, 147.57962
   2.20312, 558.46774, 148.47134
   2.22007, 587.50000, 171.65605
   2.23702, 585.08065, 171.65605
   2.25396, 593.14516, 195.73248
   2.27091, 597.17742, 195.73248
   2.28786, 584.27419, 231.40127
   2.30481, 588.30645, 233.18471
   2.32175, 561.69355, 256.36943
   2.33870, 564.11290, 260.82803
   2.35565, 541.53226, 279.55414
   2.37259, 537.50000, 284.90446
   2.38954, 505.24194, 284.90446
   2.40649, 501.20968, 284.90446
   2.42344, 464.11290, 267.96178
   2.44038, 464.91935, 263.50318
   2.45733, 449.59677, 239.42675
   2.47428, 447.17742, 239.42675
   2.49122, 444.75806, 210.00000
   2.50817, 444.75806, 207.32484
   2.52512, 455.24194, 183.24841
   2.54207, 461.69355, 180.57325
   2.55901, 485.88710, 171.65605
   2.57596, 486.69355, 169.87261
   2.59291, 535.08065, 172.54777
   2.60985, 523.79032, 176.11465
   2.62680, 554.43548, 192.16561
   2.64375, 554.43548, 192.16561
   2.66069, 581.04839, 222.48408
   2.67764, 577.01613, 218.91720
   2.69459, 603.62903, 266.17834
   2.71154, 597.17742, 271.52866
   2.72848, 593.95161, 317.00637
   2.74543, 593.95161, 317.00637
   2.76238, 591.53226, 359.80892
   2.77932, 591.53226, 359.80892
   2.79627, 589.91935, 409.74522
   2.81322, 589.91935, 407.96178
   2.83017, 585.08065, 444.52229
   2.84711, 585.08065, 444.52229
   2.86406, 574.59677, 491.78344
   2.88101, 568.14516, 499.80892
   2.89795, 570.56452, 533.69427
   2.91490, 562.50000, 539.93631
   2.93185, 556.04839, 567.57962
   2.94880, 556.04839, 567.57962
   2.96574, 539.11290, 595.22293
   2.98269, 539.11290, 595.22293
   2.99964, 529.43548, 613.94904
   3.01658, 529.43548, 613.94904
   3.03353, 518.95161, 632.67516
   3.05048, 516.53226, 636.24204
   3.06743, 509.27419, 649.61783
   3.08437, 509.27419, 649.61783
   3.10132, 510.08065, 662.10191
   3.11827, 510.08065, 662.10191
   3.13521, 509.27419, 668.34395
   3.15216, 509.27419, 668.34395
   3.16911, 508.46774, 681.71975
   3.18605, 508.46774, 681.71975
   3.20300, 514.91935, 678.15287
   3.21995, 514.91935, 678.15287
   3.23690, 519.75806, 659.42675
   3.25384, 519.75806, 659.42675
   3.27079, 522.17742, 656.75159
   3.28774, 522.17742, 656.75159
   3.30468, 525.40323, 647.83439
   3.32163, 527.82258, 640.70064
   3.33858, 527.01613, 621.08280
   3.35553, 527.82258, 631.78344
   3.37247, 531.85484, 630.89172
   3.38942, 537.50000, 630.00000
   3.40637, 547.17742, 626.43312
