   0.00000 535.67839, 564.99356
   0.01732 535.67839, 564.99356
   0.03464 535.67839, 564.99356
   0.05196 535.67839, 564.99356
   0.06929 535.67839, 564.99356
   0.08661 535.67839, 564.99356
   0.10393 535.67839, 564.99356
   0.12125 535.67839, 564.99356
   0.13857 535.67839, 564.99356
   0.15589 535.67839, 564.99356
   0.17321 535.67839, 564.99356
   0.19054 535.67839, 564.99356
   0.20786 535.67839, 564.99356
   0.22518 535.67839, 564.99356
   0.24250 535.67839, 564.99356
   0.25982 535.67839, 564.99356
   0.27714 535.67839, 564.99356
   0.29446 535.67839, 564.99356
   0.31179 545.72864, 572.71557
   0.32911 537.68844, 572.71557
   0.34643 535.67839, 570.14157
   0.36375 535.67839, 564.99356
   0.38107 539.69849, 564.99356
   0.39839 541.70854, 567.56757
   0.41571 541.70854, 570.14157
   0.43304 541.70854, 570.14157
   0.45036 543.71859, 572.71557
   0.46768 543.71859, 567.56757
   0.48500 545.72864, 570.14157
   0.50232 543.71859, 567.56757
   0.51964 543.71859, 564.99356
   0.53696 543.71859, 567.56757
   0.55428 545.72864, 575.28958
   0.57161 545.72864, 577.86358
   0.58893 545.72864, 567.56757
   0.60625 545.72864, 567.56757
   0.62357 551.75879, 577.86358
   0.64089 549.74874, 572.71557
   0.65821 547.73869, 572.71557
   0.67553 547.73869, 572.71557
   0.69286 547.73869, 572.71557
   0.71018 547.73869, 572.71557
   0.72750 547.73869, 572.71557
   0.74482 545.72864, 567.56757
   0.76214 543.71859, 567.56757
   0.77946 547.73869, 577.86358
   0.79678 547.73869, 577.86358
   0.81411 545.72864, 575.28958
   0.83143 545.72864, 562.41956
   0.84875 543.71859, 562.41956
   0.86607 543.71859, 567.56757
   0.88339 543.71859, 572.71557
   0.90071 543.71859, 575.28958
   0.91803 541.70854, 570.14157
   0.93536 541.70854, 570.14157
   0.95268 541.70854, 557.27156
   0.97000 541.70854, 562.41956
   0.98732 541.70854, 570.14157
   1.00464 539.69849, 572.71557
   1.02196 539.69849, 572.71557
   1.03928 539.69849, 572.71557
   1.05661 537.68844, 572.71557
   1.07393 539.69849, 562.41956
   1.09125 539.69849, 562.41956
   1.10857 539.69849, 562.41956
   1.12589 539.69849, 564.99356
   1.14321 535.67839, 564.99356
   1.16053 535.67839, 564.99356
   1.17786 533.66834, 564.99356
   1.19518 533.66834, 564.99356
   1.21250 533.66834, 564.99356
   1.22982 535.67839, 564.99356
   1.24714 535.67839, 564.99356
   1.26446 535.67839, 564.99356
   1.28178 535.67839, 564.99356
   1.29910 535.67839, 564.99356
   1.31643 535.67839, 564.99356
   1.33375 535.67839, 564.99356
   1.35107 533.66834, 567.56757
   1.36839 533.66834, 567.56757
   1.38571 533.66834, 567.56757
   1.40303 533.66834, 567.56757
   1.42035 533.66834, 567.56757
   1.43768 533.66834, 567.56757
   1.45500 533.66834, 567.56757
   1.47232 535.67839, 564.99356
   1.48964 533.66834, 564.99356
   1.50696 533.66834, 564.99356
   1.52428 531.65829, 564.99356
   1.54160 527.63819, 562.41956
   1.55893 525.62814, 570.14157
   1.57625 529.64824, 572.71557
   1.59357 529.64824, 562.41956
   1.61089 527.63819, 564.99356
   1.62821 527.63819, 567.56757
   1.64553 525.62814, 570.14157
   1.66285 523.61809, 570.14157
   1.68018 523.61809, 570.14157
   1.69750 523.61809, 570.14157
   1.71482 523.61809, 570.14157
   1.73214 523.61809, 564.99356
   1.74946 521.60804, 562.41956
   1.76678 521.60804, 564.99356
   1.78410 519.59799, 567.56757
   1.80143 517.58794, 567.56757
   1.81875 515.57789, 570.14157
   1.83607 517.58794, 567.56757
   1.85339 515.57789, 567.56757
   1.87071 509.54774, 567.56757
   1.88803 513.56784, 567.56757
   1.90535 507.53769, 562.41956
   1.92268 507.53769, 567.56757
   1.94000 505.52764, 564.99356
   1.95732 505.52764, 567.56757
   1.97464 499.49749, 570.14157
   1.99196 493.46734, 570.14157
   2.00928 491.45729, 570.14157
   2.02660 491.45729, 567.56757
   2.04393 489.44724, 567.56757
   2.06125 487.43719, 567.56757
   2.07857 483.41709, 570.14157
   2.09589 481.40704, 570.14157
   2.11321 477.38693, 570.14157
   2.13053 477.38693, 562.41956
   2.14785 467.33668, 564.99356
   2.16518 467.33668, 572.71557
   2.18250 465.32663, 572.71557
   2.19982 455.27638, 572.71557
   2.21714 453.26633, 572.71557
   2.23446 449.24623, 570.14157
   2.25178 445.22613, 567.56757
   2.26910 441.20603, 572.71557
   2.28642 435.17588, 577.86358
   2.30375 427.13568, 570.14157
   2.32107 425.12563, 572.71557
   2.33839 419.09548, 583.01158
   2.35571 413.06533, 580.43758
   2.37303 403.01508, 583.01158
   2.39035 401.00503, 588.15959
   2.40767 390.95477, 598.45560
   2.42500 380.90452, 611.32561
   2.44232 372.86432, 621.62162
   2.45964 360.80402, 626.76963
   2.47696 350.75377, 637.06564
   2.49428 342.71357, 647.36165
   2.51160 332.66332, 662.80566
   2.52892 324.62312, 675.67568
   2.54625 312.56281, 691.11969
   2.56357 314.57286, 711.71171
   2.58089 302.51256, 727.15573
   2.59821 290.45226, 750.32175
   2.61553 278.39196, 776.06178
   2.63285 278.39196, 794.07979
   2.65017 272.36181, 830.11583
   2.66750 270.35176, 861.00386
   2.68482 266.33166, 881.59588
   2.70214 264.32161, 922.77992
   2.71946 266.33166, 953.66795
   2.73678 268.34171, 994.85199
   2.75410 286.43216,1033.46203
   2.77142 296.48241,1077.22008
   2.78875 308.54271,1108.10811
   2.80607 348.74372,1146.71815
   2.82339 374.87437,1175.03218
   2.84071 419.09548,1200.77220
   2.85803 511.55779,1218.79022
   2.87535 577.88945,1223.93822
   2.89267 624.12060,1211.06821
   2.91000 658.29146,1175.03218
   2.92732 704.52261,1149.29215
   2.94464 714.57286,1113.25611
   2.96196 746.73367,1072.07207
   2.97928 762.81407,1025.74003
   2.99660 758.79397,1002.57400
   3.01392 764.82412, 953.66795
   3.03125 766.83417, 897.03990
   3.04857 758.79397, 866.15187
   3.06589 738.69347, 832.68983
   3.08321 714.57286, 796.65380
   3.10053 706.53266, 765.76577
   3.11785 682.41206, 737.45174
   3.13517 644.22111, 716.85972
   3.15249 616.08040, 691.11969
   3.16982 585.92965, 678.24968
   3.18714 545.72864, 667.95367
   3.20446 515.57789, 673.10167
   3.22178 485.42714, 673.10167
   3.23910 457.28643, 685.97169
   3.25642 417.08543, 701.41570
   3.27374 401.00503, 714.28571
   3.29107 364.82412, 763.19176
   3.30839 360.80402, 799.22780
   3.32571 358.79397, 809.52381
   3.34303 368.84422, 848.13385
   3.36035 378.89447, 873.87387
   3.37767 394.97487, 902.18790
   3.39499 417.08543, 927.92793
   3.41232 433.16583, 935.64994
   3.42964 457.28643, 961.38996
   3.44696 495.47739, 966.53797
   3.46428 525.62814, 979.40798
   3.48160 555.77889, 969.11197
   3.49892 593.96985, 971.68597
   3.51624 618.09045, 948.51995
   3.53357 650.25126, 935.64994
   3.55089 664.32161, 917.63192
   3.56821 674.37186, 899.61390
   3.58553 688.44221, 863.57786
   3.60285 686.43216, 840.41184
   3.62017 686.43216, 809.52381
   3.63749 670.35176, 783.78378
   3.65482 650.25126, 770.91377
   3.67214 630.15075, 763.19176
   3.68946 593.96985, 745.17375
   3.70678 557.78894, 745.17375
   3.72410 489.44724, 765.76577
   3.74142 451.25628, 786.35779
   3.75874 423.11558, 809.52381
   3.77607 388.94472, 840.41184
   3.79339 354.77387, 879.02188
   3.81071 338.69347, 922.77992
   3.82803 320.60302, 976.83398
   3.84535 300.50251,1038.61004
   3.86267 302.51256,1108.10811
   3.87999 314.57286,1159.58816
   3.89732 322.61307,1216.21622
   3.91464 336.68342,1257.40026
   3.93196 368.84422,1308.88031
   3.94928 394.97487,1362.93436
   3.96660 415.07538,1393.82239
   3.98392 421.10553,1435.00644
   4.00124 429.14573,1435.00644
   4.01856 421.10553,1450.45045
   4.03589 421.10553,1447.87645
   4.05321 411.05528,1440.15444
   4.07053 413.06533,1447.87645
   4.08785 423.11558,1445.30245
   4.10517 425.12563,1442.72844
   4.12249 425.12563,1447.87645
   4.13981 427.13568,1435.00644
   4.15714 411.05528,1445.30245
   4.17446 411.05528,1435.00644
   4.19178 421.10553,1435.00644
   4.20910 421.10553,1437.58044
   4.22642 427.13568,1437.58044
   4.24374 427.13568,1435.00644
   4.26106 435.17588,1427.28443
   4.27839 435.17588,1424.71042
   4.29571 443.21608,1414.41441
   4.31303 449.24623,1401.54440
   4.33035 447.23618,1396.39640
   4.34767 451.25628,1378.37838
   4.36499 463.31658,1360.36036
   4.38231 467.33668,1362.93436
   4.39964 483.41709,1350.06435
   4.41696 495.47739,1350.06435
   4.43428 513.56784,1355.21236
   4.45160 531.65829,1362.93436
   4.46892 557.78894,1368.08237
   4.48624 569.84925,1368.08237
   4.50356 591.95980,1386.10039
   4.52089 604.02010,1396.39640
   4.53821 630.15075,1414.41441
   4.55553 644.22111,1422.13642
   4.57285 644.22111,1422.13642
   4.59017 644.22111,1440.15444
   4.60749 640.20101,1460.74646
   4.62481 648.24121,1460.74646
   4.64214 650.25126,1463.32046
   4.65946 648.24121,1463.32046
   4.67678 648.24121,1463.32046
   4.69410 648.24121,1471.04247
   4.71142 654.27136,1468.46847
   4.72874 654.27136,1468.46847
   4.74606 654.27136,1468.46847
   4.76339 654.27136,1468.46847
   4.78071 654.27136,1468.46847
   4.79803 654.27136,1468.46847
   4.81535 658.29146,1463.32046
   4.83267 656.28141,1455.59846
   4.84999 656.28141,1455.59846
   4.86731 656.28141,1455.59846
   4.88463 652.26131,1455.59846
   4.90196 652.26131,1455.59846
   4.91928 652.26131,1455.59846
   4.93660 652.26131,1455.59846
   4.95392 652.26131,1455.59846
   4.97124 652.26131,1455.59846
   4.98856 652.26131,1455.59846
   5.00588 652.26131,1455.59846
   5.02321 652.26131,1455.59846
   5.04053 652.26131,1455.59846
   5.05785 652.26131,1455.59846
   5.07517 652.26131,1455.59846
   5.09249 652.26131,1455.59846
   5.10981 650.25126,1455.59846
   5.12713 648.24121,1460.74646
   5.14446 650.25126,1460.74646
   5.16178 652.26131,1463.32046
   5.17910 652.26131,1463.32046
   5.19642 652.26131,1463.32046
   5.21374 652.26131,1463.32046
   5.23106 652.26131,1463.32046
   5.24838 652.26131,1463.32046
   5.26571 652.26131,1463.32046
