   0.00000, 527.01613, 342.86624
   0.01695, 529.43548, 344.64968
   0.03389, 527.82258, 343.75796
   0.05084, 527.82258, 343.75796
   0.06779, 527.82258, 345.54140
   0.08474, 527.82258, 345.54140
   0.10168, 527.82258, 345.54140
   0.11863, 529.43548, 346.43312
   0.13558, 529.43548, 346.43312
   0.15252, 529.43548, 346.43312
   0.16947, 529.43548, 346.43312
   0.18642, 529.43548, 346.43312
   0.20337, 529.43548, 346.43312
   0.22031, 529.43548, 346.43312
   0.23726, 529.43548, 345.54140
   0.25421, 529.43548, 345.54140
   0.27115, 529.43548, 345.54140
   0.28810, 529.43548, 345.54140
   0.30505, 529.43548, 345.54140
   0.32199, 529.43548, 345.54140
   0.33894, 529.43548, 345.54140
   0.35589, 529.43548, 345.54140
   0.37284, 529.43548, 345.54140
   0.38978, 527.82258, 344.64968
   0.40673, 527.82258, 344.64968
   0.42368, 527.82258, 344.64968
   0.44062, 527.82258, 344.64968
   0.45757, 527.82258, 344.64968
   0.47452, 527.82258, 344.64968
   0.49147, 527.82258, 344.64968
   0.50841, 527.82258, 344.64968
   0.52536, 527.82258, 344.64968
   0.54231, 527.01613, 345.54140
   0.55925, 527.01613, 345.54140
   0.57620, 527.01613, 345.54140
   0.59315, 527.01613, 345.54140
   0.61010, 527.01613, 345.54140
   0.62704, 527.01613, 345.54140
   0.64399, 527.01613, 345.54140
   0.66094, 527.01613, 345.54140
   0.67788, 527.01613, 345.54140
   0.69483, 527.01613, 345.54140
   0.71178, 527.01613, 345.54140
   0.72873, 527.01613, 345.54140
   0.74567, 527.01613, 345.54140
   0.76262, 527.01613, 345.54140
   0.77957, 527.01613, 345.54140
   0.79651, 527.01613, 345.54140
   0.81346, 527.01613, 345.54140
   0.83041, 527.01613, 345.54140
   0.84735, 527.01613, 345.54140
   0.86430, 527.01613, 345.54140
   0.88125, 527.01613, 345.54140
   0.89820, 527.01613, 345.54140
   0.91514, 527.01613, 345.54140
   0.93209, 527.01613, 345.54140
   0.94904, 527.01613, 345.54140
   0.96598, 527.01613, 345.54140
   0.98293, 527.01613, 345.54140
   0.99988, 527.01613, 345.54140
   1.01683, 527.01613, 345.54140
   1.03377, 527.01613, 345.54140
   1.05072, 527.01613, 345.54140
   1.06767, 527.01613, 345.54140
   1.08461, 527.01613, 345.54140
   1.10156, 527.01613, 345.54140
   1.11851, 527.01613, 345.54140
   1.13546, 527.01613, 345.54140
   1.15240, 527.01613, 345.54140
   1.16935, 527.01613, 345.54140
   1.18630, 527.01613, 345.54140
   1.20324, 527.01613, 345.54140
   1.22019, 526.20968, 343.75796
   1.23714, 526.20968, 345.54140
   1.25409, 526.20968, 345.54140
   1.27103, 526.20968, 345.54140
   1.28798, 526.20968, 345.54140
   1.30493, 526.20968, 345.54140
   1.32187, 526.20968, 345.54140
   1.33882, 526.20968, 345.54140
   1.35577, 526.20968, 345.54140
   1.37272, 526.20968, 345.54140
   1.38966, 526.20968, 345.54140
   1.40661, 526.20968, 345.54140
   1.42356, 526.20968, 345.54140
   1.44050, 524.59677, 345.54140
   1.45745, 524.59677, 345.54140
   1.47440, 527.01613, 346.43312
   1.49134, 527.01613, 346.43312
   1.50829, 527.01613, 342.86624
   1.52524, 527.01613, 342.86624
   1.54219, 527.82258, 342.86624
   1.55913, 527.82258, 342.86624
   1.57608, 526.20968, 344.64968
   1.59303, 526.20968, 344.64968
   1.60997, 526.20968, 344.64968
   1.62692, 526.20968, 344.64968
   1.64387, 526.20968, 345.54140
   1.66082, 526.20968, 345.54140
   1.67776, 527.82258, 346.43312
   1.69471, 528.62903, 345.54140
   1.71166, 528.62903, 347.32484
   1.72860, 528.62903, 347.32484
   1.74555, 528.62903, 349.10828
   1.76250, 528.62903, 349.10828
   1.77945, 529.43548, 350.00000
   1.79639, 529.43548, 350.00000
   1.81334, 527.82258, 350.89172
   1.83029, 527.82258, 350.89172
   1.84723, 527.82258, 348.21656
   1.86418, 527.82258, 348.21656
   1.88113, 527.01613, 350.89172
   1.89808, 527.01613, 350.89172
   1.91502, 527.01613, 350.89172
   1.93197, 527.01613, 350.89172
   1.94892, 527.82258, 350.89172
   1.96586, 527.82258, 350.89172
   1.98281, 527.82258, 350.89172
   1.99976, 527.82258, 350.89172
   2.01670, 526.20968, 350.00000
   2.03365, 526.20968, 350.00000
   2.05060, 526.20968, 345.54140
   2.06755, 526.20968, 345.54140
   2.08449, 524.59677, 339.29936
   2.10144, 524.59677, 339.29936
   2.11839, 514.91935, 325.92357
   2.13533, 514.91935, 325.92357
   2.15228, 493.14516, 301.84713
   2.16923, 468.14516, 267.96178
   2.18618, 452.01613, 243.88535
   2.20312, 452.01613, 243.88535
   2.22007, 476.20968, 185.03185
   2.23702, 476.20968, 185.03185
   2.25396, 507.66129, 175.22293
   2.27091, 507.66129, 175.22293
   2.28786, 529.43548, 171.65605
   2.30481, 539.11290, 182.35669
   2.32175, 549.59677, 209.10828
   2.33870, 546.37097, 220.70064
   2.35565, 540.72581, 227.83439
   2.37259, 540.72581, 227.83439
   2.38954, 531.85484, 231.40127
   2.40649, 531.85484, 231.40127
   2.42344, 518.95161, 233.18471
   2.44038, 514.91935, 235.85987
   2.45733, 509.27419, 233.18471
   2.47428, 509.27419, 233.18471
   2.49122, 495.56452, 235.85987
   2.50817, 495.56452, 235.85987
   2.52512, 489.91935, 227.83439
   2.54207, 489.91935, 227.83439
   2.55901, 495.56452, 219.80892
   2.57596, 495.56452, 219.80892
   2.59291, 502.82258, 218.02548
   2.60985, 502.82258, 218.02548
   2.62680, 515.72581, 230.50955
   2.64375, 515.72581, 230.50955
   2.66069, 522.98387, 236.75159
   2.67764, 527.01613, 244.77707
   2.69459, 534.27419, 249.23567
   2.71154, 533.46774, 259.93631
   2.72848, 539.11290, 267.96178
   2.74543, 542.33871, 273.31210
   2.76238, 548.79032, 296.49682
   2.77932, 548.79032, 302.73885
   2.79627, 556.04839, 307.19745
   2.81322, 556.04839, 314.33121
   2.83017, 558.46774, 341.97452
   2.84711, 555.24194, 356.24204
   2.86406, 553.62903, 376.75159
   2.88101, 543.95161, 391.01911
   2.89795, 539.11290, 447.19745
   2.91490, 530.24194, 452.54777
   2.93185, 505.24194, 490.89172
   2.94880, 505.24194, 490.89172
   2.96574, 488.30645, 497.13376
   2.98269, 489.11290, 494.45860
   2.99964, 480.24194, 498.02548
   3.01658, 480.24194, 498.02548
   3.03353, 472.98387, 498.02548
   3.05048, 472.98387, 498.02548
   3.06743, 478.62903, 496.24204
   3.08437, 478.62903, 496.24204
   3.10132, 485.88710, 492.67516
   3.11827, 485.88710, 492.67516
   3.13521, 498.79032, 490.00000
   3.15216, 498.79032, 490.00000
   3.16911, 505.24194, 487.32484
   3.18605, 507.66129, 483.75796
   3.20300, 512.50000, 483.75796
   3.21995, 515.72581, 483.75796
   3.23690, 523.79032, 480.19108
   3.25384, 523.79032, 480.19108
   3.27079, 528.62903, 476.62420
   3.28774, 528.62903, 476.62420
   3.30468, 535.88710, 463.24841
   3.32163, 535.88710, 463.24841
   3.33858, 541.53226, 454.33121
   3.35553, 544.75806, 448.98089
   3.37247, 551.20968, 441.84713
   3.38942, 551.20968, 441.84713
   3.40637, 554.43548, 432.92994
