   0.00000, 544.21488, 756.35877, 546.69421, 558.23293, 526.85950, 400.26774, 556.61157,  87.01473
   0.03333, 551.65289, 751.00402, 544.21488, 550.20080, 529.33884, 397.59036, 559.09091,  84.33735
   0.06667, 544.21488, 761.71352, 541.73554, 550.20080, 529.33884, 400.26774, 559.09091,  84.33735
   0.10000, 539.25620, 759.03614, 544.21488, 550.20080, 529.33884, 397.59036, 559.09091,  87.01473
   0.13333, 549.17355, 756.35877, 544.21488, 552.87818, 526.85950, 397.59036, 564.04959,  84.33735
   0.16667, 544.21488, 751.00402, 546.69421, 550.20080, 524.38017, 397.59036, 569.00826,  84.33735
   0.20000, 546.69421, 761.71352, 536.77686, 544.84605, 524.38017, 394.91299, 564.04959,  84.33735
   0.23333, 546.69421, 748.32664, 541.73554, 555.55556, 521.90083, 392.23561, 569.00826,  78.98260
   0.26667, 549.17355, 748.32664, 541.73554, 544.84605, 519.42149, 400.26774, 566.52893,  89.69210
   0.30000, 546.69421, 751.00402, 541.73554, 552.87818, 519.42149, 397.59036, 569.00826,  81.65997
   0.33333, 546.69421, 756.35877, 536.77686, 555.55556, 521.90083, 386.88086, 569.00826,  84.33735
   0.36667, 546.69421, 756.35877, 539.25620, 539.49130, 519.42149, 389.55823, 561.57025,  76.30522
   0.40000, 546.69421, 756.35877, 539.25620, 547.52343, 519.42149, 389.55823, 564.04959,  87.01473
   0.43333, 544.21488, 751.00402, 539.25620, 552.87818, 516.94215, 394.91299, 571.48760,  89.69210
   0.46667, 546.69421, 748.32664, 536.77686, 558.23293, 519.42149, 397.59036, 566.52893,  89.69210
   0.50000, 549.17355, 748.32664, 539.25620, 555.55556, 516.94215, 397.59036, 559.09091,  81.65997
   0.53333, 546.69421, 748.32664, 534.29752, 558.23293, 514.46281, 397.59036, 561.57025,  84.33735
   0.56667, 541.73554, 751.00402, 539.25620, 547.52343, 516.94215, 400.26774, 559.09091,  81.65997
   0.60000, 549.17355, 748.32664, 536.77686, 547.52343, 516.94215, 400.26774, 556.61157,  81.65997
   0.63333, 546.69421, 745.64926, 534.29752, 552.87818, 514.46281, 397.59036, 554.13223,  78.98260
   0.66667, 549.17355, 748.32664, 534.29752, 550.20080, 514.46281, 397.59036, 559.09091,  78.98260
   0.70000, 544.21488, 745.64926, 534.29752, 558.23293, 511.98347, 394.91299, 559.09091,  78.98260
   0.73333, 546.69421, 748.32664, 536.77686, 550.20080, 516.94215, 397.59036, 554.13223,  81.65997
   0.76667, 544.21488, 756.35877, 536.77686, 555.55556, 509.50413, 394.91299, 554.13223,  73.62784
   0.80000, 541.73554, 753.68139, 531.81818, 555.55556, 511.98347, 392.23561, 544.21488,  78.98260
   0.83333, 544.21488, 748.32664, 534.29752, 560.91031, 521.90083, 405.62249, 546.69421,  81.65997
   0.86667, 549.17355, 753.68139, 544.21488, 555.55556, 509.50413, 400.26774, 544.21488,  78.98260
   0.90000, 541.73554, 753.68139, 534.29752, 555.55556, 504.54545, 392.23561, 541.73554,  76.30522
   0.93333, 541.73554, 751.00402, 529.33884, 555.55556, 509.50413, 397.59036, 539.25620,  87.01473
   0.96667, 544.21488, 748.32664, 531.81818, 552.87818, 502.06612, 402.94511, 529.33884,  87.01473
   1.00000, 546.69421, 748.32664, 531.81818, 558.23293, 504.54545, 400.26774, 534.29752,  84.33735
   1.03333, 549.17355, 751.00402, 531.81818, 558.23293, 502.06612, 397.59036, 521.90083,  76.30522
   1.06667, 546.69421, 748.32664, 526.85950, 563.58768, 499.58678, 397.59036, 524.38017,  81.65997
   1.10000, 541.73554, 751.00402, 529.33884, 558.23293, 494.62810, 394.91299, 519.42149,  89.69210
   1.13333, 544.21488, 748.32664, 529.33884, 558.23293, 494.62810, 394.91299, 507.02479,  87.01473
   1.16667, 549.17355, 751.00402, 531.81818, 558.23293, 489.66942, 402.94511, 507.02479,  84.33735
   1.20000, 546.69421, 751.00402, 526.85950, 555.55556, 487.19008, 400.26774, 499.58678,  89.69210
   1.23333, 544.21488, 748.32664, 521.90083, 555.55556, 487.19008, 408.29987, 492.14876,  84.33735
   1.26667, 551.65289, 751.00402, 516.94215, 560.91031, 474.79339, 402.94511, 489.66942,  95.04685
   1.30000, 549.17355, 756.35877, 526.85950, 563.58768, 469.83471, 400.26774, 477.27273,  92.36948
   1.33333, 546.69421, 751.00402, 526.85950, 555.55556, 477.27273, 408.29987, 462.39669,  95.04685
   1.36667, 544.21488, 748.32664, 529.33884, 563.58768, 459.91736, 410.97724, 462.39669,  92.36948
   1.40000, 544.21488, 748.32664, 529.33884, 568.94244, 469.83471, 410.97724, 452.47934,  95.04685
   1.43333, 546.69421, 748.32664, 526.85950, 560.91031, 457.43802, 416.33199, 432.64463,  95.04685
   1.46667, 546.69421, 745.64926, 539.25620, 568.94244, 454.95868, 419.00937, 422.72727, 108.43373
   1.50000, 544.21488, 761.71352, 551.65289, 558.23293, 447.52066, 424.36412, 412.80992, 111.11111
   1.53333, 544.21488, 745.64926, 551.65289, 552.87818, 437.60331, 435.07363, 388.01653, 116.46586
   1.56667, 541.73554, 745.64926, 561.57025, 560.91031, 435.12397, 437.75100, 370.66116, 132.53012
   1.60000, 544.21488, 751.00402, 566.52893, 566.26506, 435.12397, 456.49264, 343.38843, 148.59438
   1.63333, 541.73554, 745.64926, 573.96694, 560.91031, 430.16529, 469.87952, 318.59504, 167.33601
   1.66667, 541.73554, 751.00402, 581.40496, 566.26506, 437.60331, 485.94378, 288.84298, 196.78715
   1.70000, 539.25620, 748.32664, 588.84298, 574.29719, 440.08264, 510.04016, 264.04959, 242.30254
   1.73333, 539.25620, 745.64926, 601.23967, 579.65194, 432.64463, 536.81392, 234.29752, 279.78581
   1.76667, 544.21488, 748.32664, 613.63636, 582.32932, 450.00000, 560.91031, 216.94215, 338.68809
   1.80000, 544.21488, 745.64926, 611.15702, 587.68407, 450.00000, 590.36145, 182.23140, 389.55823
   1.83333, 544.21488, 745.64926, 626.03306, 585.00669, 462.39669, 611.78046, 157.43802, 459.17001
   1.86667, 546.69421, 751.00402, 626.03306, 582.32932, 474.79339, 646.58635, 137.60331, 558.23293
   1.90000, 541.73554, 748.32664, 616.11570, 579.65194, 482.23140, 668.00535, 140.08264, 646.58635
   1.93333, 541.73554, 748.32664, 616.11570, 587.68407, 494.62810, 686.74699, 164.87603, 759.03614
   1.96667, 541.73554, 756.35877, 606.19835, 587.68407, 502.06612, 708.16600, 204.54545, 876.84070
   2.00000, 539.25620, 761.71352, 601.23967, 587.68407, 511.98347, 724.23025, 278.92562, 970.54886
   2.03333, 544.21488, 764.39090, 583.88430, 582.32932, 516.94215, 740.29451, 385.53719,1058.90228
   2.06667, 539.25620, 764.39090, 564.04959, 568.94244, 529.33884, 745.64926, 521.90083,1088.35341
   2.10000, 549.17355, 769.74565, 541.73554, 576.97456, 539.25620, 753.68139, 650.82645,1082.99866
   2.13333, 551.65289, 769.74565, 514.46281, 574.29719, 546.69421, 740.29451, 772.31405,1026.77376
   2.16667, 551.65289, 772.42303, 497.10744, 579.65194, 569.00826, 732.26238, 834.29752, 919.67871
   2.20000, 549.17355, 759.03614, 464.87603, 568.94244, 571.48760, 718.87550, 901.23967, 799.19679
   2.23333, 556.61157, 761.71352, 464.87603, 563.58768, 581.40496, 697.45649, 906.19835, 694.77912
   2.26667, 559.09091, 759.03614, 462.39669, 560.91031, 586.36364, 657.29585, 911.15702, 598.39357
   2.30000, 561.57025, 751.00402, 452.47934, 547.52343, 593.80165, 630.52209, 881.40496, 485.94378
   2.33333, 586.36364, 732.26238, 454.95868, 536.81392, 601.23967, 593.03882, 844.21488, 397.59036
   2.36667, 623.55372, 678.71486, 445.04132, 542.16867, 601.23967, 555.55556, 814.46281, 330.65596
   2.40000, 675.61983, 643.90897, 459.91736, 544.84605, 596.28099, 536.81392, 759.91736, 263.72155
   2.43333, 700.41322, 585.00669, 482.23140, 550.20080, 611.15702, 496.65328, 702.89256, 215.52878
   2.46667, 720.24793, 526.10442, 504.54545, 552.87818, 623.55372, 483.26640, 650.82645, 175.36814
   2.50000, 727.68595, 469.87952, 509.50413, 571.61981, 608.67769, 443.10576, 606.19835, 148.59438
   2.53333, 747.52066, 410.97724, 541.73554, 566.26506, 606.19835, 437.75100, 559.09091, 127.17537
   2.56667, 727.68595, 368.13922, 556.61157, 587.68407, 598.76033, 408.29987, 489.66942, 127.17537
   2.60000, 722.72727, 346.72021, 606.19835, 560.91031, 593.80165, 402.94511, 437.60331, 135.20750
   2.63333, 695.45455, 330.65596, 626.03306, 576.97456, 598.76033, 408.29987, 388.01653, 145.91700
   2.66667, 683.05785, 311.91432, 655.78512, 547.52343, 581.40496, 413.65462, 323.55372, 178.04552
   2.70000, 655.78512, 303.88220, 685.53719, 544.84605, 581.40496, 427.04150, 291.32231, 215.52878
   2.73333, 635.95041, 311.91432, 692.97521, 547.52343, 569.00826, 435.07363, 246.69421, 279.78581
   2.76667, 608.67769, 327.97858, 695.45455, 536.81392, 566.52893, 461.84739, 216.94215, 330.65596
   2.80000, 581.40496, 336.01071, 740.08264, 558.23293, 576.44628, 483.26640, 209.50413, 405.62249
   2.83333, 546.69421, 360.10710, 745.04132, 552.87818, 581.40496, 502.00803, 187.19008, 502.00803
   2.86667, 521.90083, 427.04150, 750.00000, 550.20080, 573.96694, 539.49130, 184.71074, 585.00669
   2.90000, 511.98347, 469.87952, 740.08264, 544.84605, 578.92562, 566.26506, 214.46281, 676.03748
   2.93333, 502.06612, 542.16867, 747.52066, 558.23293, 578.92562, 598.39357, 236.77686, 769.74565
   2.96667, 514.46281, 633.19946, 742.56198, 576.97456, 586.36364, 649.26372, 271.48760, 884.87282
   3.00000, 536.77686, 716.19813, 725.20661, 606.42570, 578.92562, 681.39224, 296.28099, 973.22624
   3.03333, 566.52893, 732.26238, 712.80992, 622.48996, 581.40496, 804.55154, 345.86777,1074.96653
   3.06667, 658.26446, 876.84070, 675.61983, 668.00535, 571.48760, 788.48728, 400.41322,1165.99732
   3.10000, 737.60331, 922.35609, 663.22314, 724.23025, 561.57025, 868.80857, 454.95868,1246.31861
   3.13333, 789.66942, 951.80723, 640.90909, 772.42303, 551.65289, 922.35609, 509.50413,1323.96252
   3.16667, 826.85950, 949.12985, 633.47107, 836.68005, 561.57025,1002.67738, 516.94215,1406.96118
   3.20000, 844.21488, 949.12985, 603.71901, 876.84070, 526.85950,1058.90228, 524.38017,1420.34806
   3.23333, 824.38017, 946.45248, 588.84298, 895.58233, 539.25620,1096.38554, 549.17355,1428.38019
   3.26667, 831.81818, 986.61312, 593.80165, 917.00134, 516.94215,1099.06292, 536.77686,1406.96118
   3.30000, 819.42149,1008.03213, 576.44628, 919.67871, 514.46281,1112.44980, 531.81818,1420.34806
   3.33333, 809.50413,1018.74163, 596.28099, 908.96921, 509.50413,1107.09505, 536.77686,1428.38019
   3.36667, 787.19008,1016.06426, 586.36364, 908.96921, 504.54545,1117.80455, 521.90083,1420.34806
   3.40000, 819.42149,1032.12851, 566.52893, 903.61446, 492.14876,1112.44980, 529.33884,1414.99331
   3.43333, 799.58678,1021.41901, 566.52893, 903.61446, 482.23140,1088.35341, 524.38017,1414.99331
   3.46667, 811.98347,1013.38688, 559.09091, 898.25971, 484.71074,1099.06292, 539.25620,1414.99331
   3.50000, 809.50413,1010.70950, 549.17355, 906.29183, 477.27273,1091.03079, 539.25620,1428.38019
   3.53333, 807.02479, 994.64525, 561.57025, 890.22758, 467.35537,1085.67604, 534.29752,1412.31593
   3.56667, 799.58678, 983.93574, 536.77686, 887.55020, 469.83471,1080.32129, 536.77686,1414.99331
   3.60000, 794.62810, 975.90361, 569.00826, 884.87282, 462.39669,1085.67604, 529.33884,1431.05756
   3.63333, 816.94215, 954.48461, 549.17355, 876.84070, 459.91736,1085.67604, 529.33884,1409.63855
   3.66667, 809.50413, 935.74297, 541.73554, 876.84070, 457.43802,1074.96653, 524.38017,1423.02544
   3.70000, 802.06612, 908.96921, 534.29752, 879.51807, 437.60331,1091.03079, 539.25620,1412.31593
   3.73333, 794.62810, 903.61446, 544.21488, 871.48594, 450.00000,1077.64391, 544.21488,1412.31593
   3.76667, 797.10744, 882.19545, 541.73554, 876.84070, 452.47934,1077.64391, 531.81818,1414.99331
   3.80000, 802.06612, 852.74431, 546.69421, 866.13119, 450.00000,1069.61178, 534.29752,1417.67068
