   0.00000, 527.01613, 265.28662
   0.01695, 525.40323, 268.85350
   0.03389, 525.40323, 268.85350
   0.05084, 525.40323, 268.85350
   0.06779, 525.40323, 268.85350
   0.08474, 524.59677, 268.85350
   0.10168, 524.59677, 268.85350
   0.11863, 529.43548, 268.85350
   0.13558, 529.43548, 268.85350
   0.15252, 529.43548, 268.85350
   0.16947, 529.43548, 268.85350
   0.18642, 529.43548, 268.85350
   0.20337, 529.43548, 268.85350
   0.22031, 529.43548, 268.85350
   0.23726, 529.43548, 268.85350
   0.25421, 529.43548, 268.85350
   0.27115, 529.43548, 268.85350
   0.28810, 529.43548, 268.85350
   0.30505, 529.43548, 268.85350
   0.32199, 529.43548, 268.85350
   0.33894, 529.43548, 268.85350
   0.35589, 529.43548, 268.85350
   0.37284, 529.43548, 267.96178
   0.38978, 529.43548, 267.96178
   0.40673, 529.43548, 267.96178
   0.42368, 529.43548, 267.96178
   0.44062, 529.43548, 267.96178
   0.45757, 531.04839, 270.63694
   0.47452, 531.04839, 266.17834
   0.49147, 531.04839, 266.17834
   0.50841, 531.04839, 266.17834
   0.52536, 527.82258, 268.85350
   0.54231, 527.82258, 268.85350
   0.55925, 531.85484, 268.85350
   0.57620, 531.85484, 268.85350
   0.59315, 531.85484, 267.07006
   0.61010, 531.85484, 267.07006
   0.62704, 531.85484, 268.85350
   0.64399, 531.85484, 268.85350
   0.66094, 531.04839, 266.17834
   0.67788, 531.04839, 266.17834
   0.69483, 531.85484, 270.63694
   0.71178, 531.85484, 270.63694
   0.72873, 532.66129, 267.96178
   0.74567, 532.66129, 267.96178
   0.76262, 532.66129, 271.52866
   0.77957, 532.66129, 271.52866
   0.79651, 534.27419, 265.28662
   0.81346, 534.27419, 265.28662
   0.83041, 531.04839, 271.52866
   0.84735, 531.04839, 271.52866
   0.86430, 536.69355, 266.17834
   0.88125, 531.85484, 268.85350
   0.89820, 531.85484, 268.85350
   0.91514, 531.85484, 268.85350
   0.93209, 531.85484, 271.52866
   0.94904, 531.85484, 271.52866
   0.96598, 531.85484, 268.85350
   0.98293, 531.04839, 268.85350
   0.99988, 534.27419, 266.17834
   1.01683, 534.27419, 266.17834
   1.03377, 532.66129, 268.85350
   1.05072, 532.66129, 268.85350
   1.06767, 532.66129, 268.85350
   1.08461, 532.66129, 268.85350
   1.10156, 531.85484, 267.07006
   1.11851, 531.85484, 267.07006
   1.13546, 532.66129, 265.28662
   1.15240, 532.66129, 265.28662
   1.16935, 531.04839, 267.07006
   1.18630, 531.04839, 267.07006
   1.20324, 529.43548, 263.50318
   1.22019, 529.43548, 263.50318
   1.23714, 529.43548, 263.50318
   1.25409, 530.24194, 262.61146
   1.27103, 524.59677, 266.17834
   1.28798, 524.59677, 266.17834
   1.30493, 527.01613, 260.82803
   1.32187, 527.01613, 260.82803
   1.33882, 523.79032, 260.82803
   1.35577, 523.79032, 260.82803
   1.37272, 519.75806, 265.28662
   1.38966, 519.75806, 265.28662
   1.40661, 519.75806, 260.82803
   1.42356, 519.75806, 260.82803
   1.44050, 514.11290, 260.82803
   1.45745, 514.11290, 260.82803
   1.47440, 507.66129, 261.71975
   1.49134, 507.66129, 261.71975
   1.50829, 502.82258, 262.61146
   1.52524, 502.82258, 262.61146
   1.54219, 497.17742, 263.50318
   1.55913, 497.17742, 263.50318
   1.57608, 493.14516, 265.28662
   1.59303, 493.14516, 265.28662
   1.60997, 494.75806, 274.20382
   1.62692, 494.75806, 274.20382
   1.64387, 492.33871, 273.31210
   1.66082, 492.33871, 273.31210
   1.67776, 488.30645, 273.31210
   1.69471, 488.30645, 273.31210
   1.71166, 491.53226, 279.55414
   1.72860, 491.53226, 279.55414
   1.74555, 491.53226, 279.55414
   1.76250, 491.53226, 279.55414
   1.77945, 497.98387, 277.77070
   1.79639, 497.98387, 277.77070
   1.81334, 507.66129, 279.55414
   1.83029, 507.66129, 279.55414
   1.84723, 519.75806, 276.87898
   1.86418, 519.75806, 276.87898
   1.88113, 524.59677, 273.31210
   1.89808, 524.59677, 273.31210
   1.91502, 534.27419, 277.77070
   1.93197, 534.27419, 277.77070
   1.94892, 541.53226, 284.90446
   1.96586, 543.95161, 276.87898
   1.98281, 548.79032, 275.98726
   1.99976, 548.79032, 275.98726
   2.01670, 558.46774, 275.98726
   2.03365, 554.43548, 283.12102
   2.05060, 556.85484, 276.87898
   2.06755, 556.04839, 275.09554
   2.08449, 556.04839, 267.96178
   2.10144, 556.04839, 268.85350
   2.11839, 552.82258, 267.96178
   2.13533, 553.62903, 267.96178
   2.15228, 544.75806, 260.82803
   2.16923, 543.14516, 254.58599
   2.18618, 536.69355, 249.23567
   2.20312, 531.85484, 254.58599
   2.22007, 526.20968, 255.47771
   2.23702, 528.62903, 251.91083
   2.25396, 516.53226, 243.88535
   2.27091, 515.72581, 243.88535
   2.28786, 507.66129, 233.18471
   2.30481, 505.24194, 239.42675
   2.32175, 497.98387, 223.37580
   2.33870, 497.98387, 223.37580
   2.35565, 492.33871, 213.56688
   2.37259, 493.14516, 209.10828
   2.38954, 495.56452, 206.43312
   2.40649, 495.56452, 203.75796
   2.42344, 496.37097, 196.62420
   2.44038, 496.37097, 188.59873
   2.45733, 500.40323, 185.92357
   2.47428, 500.40323, 185.92357
   2.49122, 506.04839, 191.27389
   2.50817, 507.66129, 185.03185
   2.52512, 512.50000, 193.94904
   2.54207, 515.72581, 188.59873
   2.55901, 527.82258, 197.51592
   2.57596, 531.85484, 205.54140
   2.59291, 541.53226, 222.48408
   2.60985, 542.33871, 224.26752
   2.62680, 548.79032, 252.80255
   2.64375, 548.79032, 252.80255
   2.66069, 547.17742, 285.79618
   2.67764, 545.56452, 288.47134
   2.69459, 528.62903, 312.54777
   2.71154, 531.85484, 312.54777
   2.72848, 519.75806, 335.73248
   2.74543, 514.11290, 333.05732
   2.76238, 503.62903, 348.21656
   2.77932, 506.04839, 347.32484
   2.79627, 492.33871, 353.56688
   2.81322, 497.98387, 346.43312
   2.83017, 488.30645, 362.48408
   2.84711, 488.30645, 362.48408
   2.86406, 488.30645, 374.07643
   2.88101, 489.11290, 370.50955
   2.89795, 488.30645, 382.10191
   2.91490, 493.95161, 383.88535
   2.93185, 497.98387, 401.71975
   2.94880, 501.20968, 402.61146
   2.96574, 512.50000, 410.63694
   2.98269, 514.91935, 414.20382
   2.99964, 524.59677, 437.38854
   3.01658, 525.40323, 440.06369
   3.03353, 531.85484, 459.68153
   3.05048, 536.69355, 465.03185
   3.06743, 543.95161, 488.21656
   3.08437, 544.75806, 481.97452
   3.10132, 551.20968, 489.10828
   3.11827, 548.79032, 494.45860
   3.13521, 554.43548, 490.00000
   3.15216, 554.43548, 493.56688
   3.16911, 556.85484, 498.02548
   3.18605, 556.85484, 492.67516
   3.20300, 556.85484, 492.67516
   3.21995, 559.27419, 487.32484
   3.23690, 563.30645, 477.51592
   3.25384, 563.30645, 485.54140
   3.27079, 567.33871, 471.27389
   3.28774, 573.79032, 461.46497
   3.30468, 573.79032, 455.22293
   3.32163, 576.20968, 455.22293
   3.33858, 580.24194, 442.73885
   3.35553, 579.43548, 443.63057
   3.37247, 587.50000, 436.49682
   3.38942, 587.50000, 431.14650
   3.40637, 581.04839, 426.68790
