   0.00000 521.42857, 886.74389
   0.01732 517.34694, 886.74389
   0.03464 517.34694, 886.74389
   0.05196 519.38776, 886.74389
   0.06929 519.38776, 886.74389
   0.08661 519.38776, 886.74389
   0.10393 519.38776, 886.74389
   0.12125 519.38776, 886.74389
   0.13857 519.38776, 886.74389
   0.15589 519.38776, 886.74389
   0.17321 523.46939, 881.59588
   0.19054 523.46939, 881.59588
   0.20786 523.46939, 881.59588
   0.22518 523.46939, 881.59588
   0.24250 523.46939, 886.74389
   0.25982 523.46939, 886.74389
   0.27714 523.46939, 886.74389
   0.29446 523.46939, 886.74389
   0.31179 523.46939, 886.74389
   0.32911 523.46939, 886.74389
   0.34643 523.46939, 886.74389
   0.36375 523.46939, 886.74389
   0.38107 523.46939, 886.74389
   0.39839 523.46939, 886.74389
   0.41571 523.46939, 886.74389
   0.43304 523.46939, 886.74389
   0.45036 523.46939, 886.74389
   0.46768 523.46939, 886.74389
   0.48500 523.46939, 886.74389
   0.50232 523.46939, 886.74389
   0.51964 523.46939, 886.74389
   0.53696 523.46939, 886.74389
   0.55428 523.46939, 886.74389
   0.57161 523.46939, 886.74389
   0.58893 523.46939, 886.74389
   0.60625 523.46939, 889.31789
   0.62357 519.38776, 884.16988
   0.64089 519.38776, 884.16988
   0.65821 519.38776, 884.16988
   0.67553 519.38776, 884.16988
   0.69286 519.38776, 884.16988
   0.71018 519.38776, 884.16988
   0.72750 519.38776, 884.16988
   0.74482 519.38776, 884.16988
   0.76214 519.38776, 884.16988
   0.77946 519.38776, 884.16988
   0.79678 519.38776, 884.16988
   0.81411 519.38776, 884.16988
   0.83143 519.38776, 884.16988
   0.84875 519.38776, 884.16988
   0.86607 519.38776, 884.16988
   0.88339 519.38776, 884.16988
   0.90071 519.38776, 884.16988
   0.91803 519.38776, 884.16988
   0.93536 519.38776, 884.16988
   0.95268 519.38776, 884.16988
   0.97000 519.38776, 884.16988
   0.98732 519.38776, 884.16988
   1.00464 519.38776, 884.16988
   1.02196 519.38776, 884.16988
   1.03928 519.38776, 884.16988
   1.05661 519.38776, 884.16988
   1.07393 519.38776, 884.16988
   1.09125 519.38776, 884.16988
   1.10857 519.38776, 884.16988
   1.12589 519.38776, 884.16988
   1.14321 519.38776, 884.16988
   1.16053 519.38776, 884.16988
   1.17786 519.38776, 884.16988
   1.19518 519.38776, 884.16988
   1.21250 519.38776, 884.16988
   1.22982 519.38776, 884.16988
   1.24714 519.38776, 884.16988
   1.26446 519.38776, 884.16988
   1.28178 519.38776, 884.16988
   1.29910 519.38776, 884.16988
   1.31643 519.38776, 884.16988
   1.33375 519.38776, 884.16988
   1.35107 519.38776, 884.16988
   1.36839 519.38776, 884.16988
   1.38571 519.38776, 884.16988
   1.40303 519.38776, 884.16988
   1.42035 519.38776, 884.16988
   1.43768 519.38776, 889.31789
   1.45500 519.38776, 889.31789
   1.47232 519.38776, 889.31789
   1.48964 519.38776, 889.31789
   1.50696 519.38776, 889.31789
   1.52428 519.38776, 889.31789
   1.54160 519.38776, 889.31789
   1.55893 519.38776, 889.31789
   1.57625 519.38776, 889.31789
   1.59357 519.38776, 889.31789
   1.61089 519.38776, 889.31789
   1.62821 515.30612, 886.74389
   1.64553 517.34694, 889.31789
   1.66285 517.34694, 886.74389
   1.68018 517.34694, 879.02188
   1.69750 519.38776, 886.74389
   1.71482 517.34694, 876.44788
   1.73214 517.34694, 876.44788
   1.74946 517.34694, 876.44788
   1.76678 515.30612, 873.87387
   1.78410 513.26531, 876.44788
   1.80143 513.26531, 876.44788
   1.81875 513.26531, 876.44788
   1.83607 513.26531, 876.44788
   1.85339 513.26531, 876.44788
   1.87071 513.26531, 876.44788
   1.88803 513.26531, 876.44788
   1.90535 513.26531, 876.44788
   1.92268 513.26531, 876.44788
   1.94000 511.22449, 884.16988
   1.95732 511.22449, 881.59588
   1.97464 511.22449, 881.59588
   1.99196 513.26531, 873.87387
   2.00928 513.26531, 879.02188
   2.02660 513.26531, 879.02188
   2.04393 513.26531, 881.59588
   2.06125 513.26531, 879.02188
   2.07857 511.22449, 876.44788
   2.09589 511.22449, 876.44788
   2.11321 511.22449, 884.16988
   2.13053 511.22449, 884.16988
   2.14785 511.22449, 881.59588
   2.16518 511.22449, 881.59588
   2.18250 511.22449, 879.02188
   2.19982 507.14286, 881.59588
   2.21714 511.22449, 881.59588
   2.23446 511.22449, 881.59588
   2.25178 511.22449, 881.59588
   2.26910 513.26531, 876.44788
   2.28642 513.26531, 873.87387
   2.30375 517.34694, 873.87387
   2.32107 519.38776, 873.87387
   2.33839 519.38776, 873.87387
   2.35571 523.46939, 873.87387
   2.37303 525.51020, 873.87387
   2.39035 533.67347, 873.87387
   2.40767 535.71429, 871.29987
   2.42500 539.79592, 873.87387
   2.44232 541.83673, 879.02188
   2.45964 545.91837, 879.02188
   2.47696 547.95918, 876.44788
   2.49428 554.08163, 881.59588
   2.51160 556.12245, 881.59588
   2.52892 560.20408, 884.16988
   2.54625 562.24490, 884.16988
   2.56357 564.28571, 884.16988
   2.58089 566.32653, 881.59588
   2.59821 572.44898, 886.74389
   2.61553 574.48980, 891.89189
   2.63285 574.48980, 894.46589
   2.65017 582.65306, 894.46589
   2.66750 580.61224, 894.46589
   2.68482 580.61224, 897.03990
   2.70214 582.65306, 902.18790
   2.71946 584.69388, 891.89189
   2.73678 582.65306, 894.46589
   2.75410 582.65306, 897.03990
   2.77142 582.65306, 889.31789
   2.78875 576.53061, 889.31789
   2.80607 572.44898, 894.46589
   2.82339 564.28571, 891.89189
   2.84071 560.20408, 891.89189
   2.85803 539.79592, 891.89189
   2.87535 535.71429, 889.31789
   2.89267 523.46939, 894.46589
   2.91000 517.34694, 891.89189
   2.92732 501.02041, 891.89189
   2.94464 492.85714, 894.46589
   2.96196 488.77551, 899.61390
   2.97928 478.57143, 904.76190
   2.99660 468.36735, 907.33591
   3.01392 466.32653, 907.33591
   3.03125 464.28571, 894.46589
   3.04857 466.32653, 894.46589
   3.06589 466.32653, 899.61390
   3.08321 466.32653, 902.18790
   3.10053 466.32653, 897.03990
   3.11785 468.36735, 894.46589
   3.13517 472.44898, 894.46589
   3.15249 476.53061, 889.31789
   3.16982 478.57143, 889.31789
   3.18714 482.65306, 889.31789
   3.20446 486.73469, 884.16988
   3.22178 494.89796, 881.59588
   3.23910 498.97959, 876.44788
   3.25642 505.10204, 876.44788
   3.27374 519.38776, 876.44788
   3.29107 539.79592, 863.57786
   3.30839 545.91837, 858.42986
   3.32571 556.12245, 848.13385
   3.34303 570.40816, 840.41184
   3.36035 572.44898, 835.26384
   3.37767 582.65306, 830.11583
   3.39499 590.81633, 809.52381
   3.41232 588.77551, 791.50579
   3.42964 588.77551, 783.78378
   3.44696 586.73469, 776.06178
   3.46428 586.73469, 770.91377
   3.48160 578.57143, 768.33977
   3.49892 568.36735, 760.61776
   3.51624 560.20408, 750.32175
   3.53357 550.00000, 750.32175
   3.55089 537.75510, 755.46976
   3.56821 525.51020, 755.46976
   3.58553 511.22449, 765.76577
   3.60285 492.85714, 773.48777
   3.62017 484.69388, 786.35779
   3.63749 472.44898, 812.09781
   3.65482 452.04082, 827.54183
   3.67214 450.00000, 850.70785
   3.68946 441.83673, 873.87387
   3.70678 433.67347, 899.61390
   3.72410 435.71429, 948.51995
   3.74142 439.79592, 979.40798
   3.75874 443.87755,1010.29601
   3.77607 460.20408,1036.03604
   3.79339 466.32653,1061.77606
   3.81071 476.53061,1079.79408
   3.82803 488.77551,1095.23810
   3.84535 505.10204,1120.97812
   3.86267 523.46939,1128.70013
   3.87999 529.59184,1157.01416
   3.89732 543.87755,1162.16216
   3.91464 547.95918,1169.88417
   3.93196 550.00000,1172.45817
   3.94928 554.08163,1200.77220
   3.96660 556.12245,1200.77220
   3.98392 562.24490,1218.79022
   4.00124 566.32653,1226.51223
   4.01856 554.08163,1229.08623
   4.03589 554.08163,1241.95624
   4.05321 556.12245,1244.53024
   4.07053 543.87755,1257.40026
   4.08785 543.87755,1254.82625
   4.10517 554.08163,1254.82625
   4.12249 552.04082,1254.82625
   4.13981 550.00000,1254.82625
   4.15714 558.16327,1244.53024
   4.17446 568.36735,1229.08623
   4.19178 570.40816,1223.93822
   4.20910 576.53061,1218.79022
   4.22642 576.53061,1208.49421
   4.24374 584.69388,1198.19820
   4.26106 594.89796,1185.32819
   4.27839 592.85714,1169.88417
   4.29571 596.93878,1167.31017
   4.31303 596.93878,1164.73616
   4.33035 598.97959,1154.44015
   4.34767 598.97959,1154.44015
   4.36499 611.22449,1151.86615
   4.38231 613.26531,1154.44015
   4.39964 615.30612,1159.58816
   4.41696 611.22449,1154.44015
   4.43428 617.34694,1162.16216
   4.45160 629.59184,1154.44015
   4.46892 625.51020,1164.73616
   4.48624 625.51020,1167.31017
   4.50356 627.55102,1167.31017
   4.52089 627.55102,1180.18018
   4.53821 631.63265,1180.18018
   4.55553 635.71429,1169.88417
   4.57285 641.83673,1172.45817
   4.59017 647.95918,1175.03218
   4.60749 654.08163,1187.90219
   4.62481 660.20408,1193.05019
   4.64214 660.20408,1198.19820
   4.65946 660.20408,1193.05019
   4.67678 664.28571,1193.05019
   4.69410 664.28571,1195.62420
   4.71142 664.28571,1195.62420
   4.72874 664.28571,1198.19820
   4.74606 666.32653,1195.62420
   4.76339 670.40816,1187.90219
   4.78071 670.40816,1185.32819
   4.79803 670.40816,1182.75418
   4.81535 670.40816,1182.75418
   4.83267 670.40816,1180.18018
   4.84999 676.53061,1177.60618
   4.86731 680.61224,1177.60618
   4.88463 682.65306,1177.60618
   4.90196 678.57143,1164.73616
   4.91928 678.57143,1177.60618
   4.93660 678.57143,1172.45817
   4.95392 678.57143,1169.88417
   4.97124 678.57143,1169.88417
   4.98856 684.69388,1162.16216
   5.00588 686.73469,1162.16216
   5.02321 682.65306,1157.01416
   5.04053 682.65306,1157.01416
   5.05785 682.65306,1157.01416
   5.07517 682.65306,1157.01416
   5.09249 684.69388,1157.01416
   5.10981 696.93878,1149.29215
   5.12713 696.93878,1146.71815
   5.14446 692.85714,1146.71815
   5.16178 692.85714,1146.71815
   5.17910 694.89796,1144.14414
   5.19642 701.02041,1144.14414
   5.21374 703.06122,1138.99614
   5.23106 698.97959,1138.99614
   5.24838 698.97959,1138.99614
   5.26571 698.97959,1136.42214
