   0.00000 509.63855, 778.63578
   0.01732 509.63855, 778.63578
   0.03464 509.63855, 778.63578
   0.05196 509.63855, 778.63578
   0.06929 509.63855, 778.63578
   0.08661 509.63855, 778.63578
   0.10393 509.63855, 778.63578
   0.12125 509.63855, 778.63578
   0.13857 509.63855, 778.63578
   0.15589 509.63855, 778.63578
   0.17321 509.63855, 778.63578
   0.19054 509.63855, 778.63578
   0.20786 512.04819, 778.63578
   0.22518 512.04819, 778.63578
   0.24250 512.04819, 778.63578
   0.25982 512.04819, 778.63578
   0.27714 512.04819, 778.63578
   0.29446 512.04819, 778.63578
   0.31179 514.45783, 778.63578
   0.32911 514.45783, 778.63578
   0.34643 514.45783, 778.63578
   0.36375 514.45783, 778.63578
   0.38107 514.45783, 778.63578
   0.39839 514.45783, 778.63578
   0.41571 514.45783, 778.63578
   0.43304 514.45783, 778.63578
   0.45036 514.45783, 778.63578
   0.46768 514.45783, 778.63578
   0.48500 514.45783, 778.63578
   0.50232 514.45783, 778.63578
   0.51964 514.45783, 778.63578
   0.53696 514.45783, 778.63578
   0.55428 514.45783, 778.63578
   0.57161 514.45783, 778.63578
   0.58893 514.45783, 778.63578
   0.60625 514.45783, 778.63578
   0.62357 514.45783, 778.63578
   0.64089 514.45783, 778.63578
   0.65821 514.45783, 778.63578
   0.67553 514.45783, 778.63578
   0.69286 514.45783, 778.63578
   0.71018 514.45783, 778.63578
   0.72750 514.45783, 781.20978
   0.74482 514.45783, 781.20978
   0.76214 514.45783, 781.20978
   0.77946 514.45783, 781.20978
   0.79678 514.45783, 781.20978
   0.81411 514.45783, 781.20978
   0.83143 514.45783, 781.20978
   0.84875 514.45783, 781.20978
   0.86607 514.45783, 781.20978
   0.88339 514.45783, 781.20978
   0.90071 514.45783, 781.20978
   0.91803 514.45783, 781.20978
   0.93536 514.45783, 781.20978
   0.95268 514.45783, 781.20978
   0.97000 514.45783, 781.20978
   0.98732 514.45783, 781.20978
   1.00464 514.45783, 781.20978
   1.02196 514.45783, 781.20978
   1.03928 514.45783, 781.20978
   1.05661 514.45783, 781.20978
   1.07393 514.45783, 781.20978
   1.09125 514.45783, 781.20978
   1.10857 514.45783, 781.20978
   1.12589 514.45783, 781.20978
   1.14321 514.45783, 781.20978
   1.16053 514.45783, 781.20978
   1.17786 514.45783, 781.20978
   1.19518 514.45783, 781.20978
   1.21250 514.45783, 783.78378
   1.22982 509.63855, 786.35779
   1.24714 509.63855, 786.35779
   1.26446 509.63855, 786.35779
   1.28178 509.63855, 786.35779
   1.29910 509.63855, 786.35779
   1.31643 509.63855, 786.35779
   1.33375 509.63855, 786.35779
   1.35107 509.63855, 786.35779
   1.36839 509.63855, 786.35779
   1.38571 509.63855, 786.35779
   1.40303 509.63855, 786.35779
   1.42035 509.63855, 786.35779
   1.43768 509.63855, 786.35779
   1.45500 509.63855, 786.35779
   1.47232 504.81928, 783.78378
   1.48964 507.22892, 776.06178
   1.50696 507.22892, 776.06178
   1.52428 507.22892, 776.06178
   1.54160 507.22892, 776.06178
   1.55893 507.22892, 778.63578
   1.57625 507.22892, 778.63578
   1.59357 507.22892, 778.63578
   1.61089 507.22892, 778.63578
   1.62821 507.22892, 778.63578
   1.64553 509.63855, 781.20978
   1.66285 504.81928, 781.20978
   1.68018 502.40964, 781.20978
   1.69750 502.40964, 781.20978
   1.71482 504.81928, 786.35779
   1.73214 502.40964, 786.35779
   1.74946 500.00000, 786.35779
   1.76678 502.40964, 781.20978
   1.78410 502.40964, 781.20978
   1.80143 497.59036, 781.20978
   1.81875 497.59036, 783.78378
   1.83607 497.59036, 786.35779
   1.85339 495.18072, 781.20978
   1.87071 495.18072, 778.63578
   1.88803 495.18072, 778.63578
   1.90535 495.18072, 783.78378
   1.92268 495.18072, 783.78378
   1.94000 495.18072, 781.20978
   1.95732 492.77108, 783.78378
   1.97464 490.36145, 781.20978
   1.99196 487.95181, 786.35779
   2.00928 487.95181, 783.78378
   2.02660 490.36145, 783.78378
   2.04393 487.95181, 783.78378
   2.06125 487.95181, 794.07979
   2.07857 487.95181, 794.07979
   2.09589 487.95181, 788.93179
   2.11321 487.95181, 786.35779
   2.13053 485.54217, 786.35779
   2.14785 478.31325, 786.35779
   2.16518 478.31325, 788.93179
   2.18250 483.13253, 791.50579
   2.19982 480.72289, 791.50579
   2.21714 478.31325, 791.50579
   2.23446 480.72289, 788.93179
   2.25178 468.67470, 788.93179
   2.26910 471.08434, 788.93179
   2.28642 471.08434, 786.35779
   2.30375 473.49398, 796.65380
   2.32107 471.08434, 796.65380
   2.33839 473.49398, 794.07979
   2.35571 466.26506, 796.65380
   2.37303 468.67470, 799.22780
   2.39035 463.85542, 801.80180
   2.40767 463.85542, 809.52381
   2.42500 463.85542, 812.09781
   2.44232 461.44578, 819.81982
   2.45964 459.03614, 822.39382
   2.47696 456.62651, 832.68983
   2.49428 456.62651, 840.41184
   2.51160 456.62651, 845.55985
   2.52892 461.44578, 853.28185
   2.54625 463.85542, 863.57786
   2.56357 463.85542, 871.29987
   2.58089 463.85542, 873.87387
   2.59821 468.67470, 884.16988
   2.61553 471.08434, 897.03990
   2.63285 473.49398, 904.76190
   2.65017 473.49398, 915.05792
   2.66750 483.13253, 922.77992
   2.68482 485.54217, 927.92793
   2.70214 497.59036, 948.51995
   2.71946 492.77108, 951.09395
   2.73678 500.00000, 961.38996
   2.75410 502.40964, 961.38996
   2.77142 504.81928, 974.25997
   2.78875 509.63855, 984.55598
   2.80607 512.04819, 984.55598
   2.82339 516.86747, 987.12999
   2.84071 521.68675, 992.27799
   2.85803 519.27711, 992.27799
   2.87535 524.09639,1000.00000
   2.89267 526.50602,1002.57400
   2.91000 528.91566,1002.57400
   2.92732 531.32530,1000.00000
   2.94464 533.73494, 994.85199
   2.96196 538.55422, 992.27799
   2.97928 538.55422, 981.98198
   2.99660 550.60241, 976.83398
   3.01392 545.78313, 971.68597
   3.03125 550.60241, 969.11197
   3.04857 555.42169, 951.09395
   3.06589 553.01205, 943.37194
   3.08321 557.83133, 933.07593
   3.10053 557.83133, 925.35393
   3.11785 557.83133, 920.20592
   3.13517 557.83133, 912.48391
   3.15249 562.65060, 894.46589
   3.16982 567.46988, 889.31789
   3.18714 577.10843, 876.44788
   3.20446 581.92771, 861.00386
   3.22178 581.92771, 855.85586
   3.23910 581.92771, 845.55985
   3.25642 584.33735, 827.54183
   3.27374 586.74699, 814.67181
   3.29107 586.74699, 804.37580
   3.30839 586.74699, 788.93179
   3.32571 569.87952, 776.06178
   3.34303 572.28916, 768.33977
   3.36035 565.06024, 760.61776
   3.37767 553.01205, 755.46976
   3.39499 543.37349, 747.74775
   3.41232 536.14458, 737.45174
   3.42964 521.68675, 745.17375
   3.44696 514.45783, 747.74775
   3.46428 502.40964, 742.59974
   3.48160 492.77108, 758.04376
   3.49892 473.49398, 770.91377
   3.51624 468.67470, 776.06178
   3.53357 459.03614, 791.50579
   3.55089 459.03614, 806.94981
   3.56821 459.03614, 824.96782
   3.58553 456.62651, 855.85586
   3.60285 459.03614, 868.72587
   3.62017 461.44578, 891.89189
   3.63749 473.49398, 912.48391
   3.65482 475.90361, 930.50193
   3.67214 485.54217, 930.50193
   3.68946 492.77108, 945.94595
   3.70678 512.04819, 966.53797
   3.72410 533.73494, 984.55598
   3.74142 538.55422, 992.27799
   3.75874 545.78313, 987.12999
   3.77607 555.42169,1010.29601
   3.79339 557.83133,1015.44402
   3.81071 557.83133,1018.01802
   3.82803 557.83133,1018.01802
   3.84535 553.01205,1036.03604
   3.86267 548.19277,1046.33205
   3.87999 540.96386,1061.77606
   3.89732 531.32530,1077.22008
   3.91464 516.86747,1092.66409
   3.93196 504.81928,1105.53411
   3.94928 495.18072,1128.70013
   3.96660 475.90361,1157.01416
   3.98392 466.26506,1177.60618
   4.00124 449.39759,1208.49421
   4.01856 451.80723,1221.36422
   4.03589 442.16867,1239.38224
   4.05321 437.34940,1239.38224
   4.07053 439.75904,1239.38224
   4.08785 442.16867,1239.38224
   4.10517 451.80723,1236.80824
   4.12249 454.21687,1234.23423
   4.13981 454.21687,1226.51223
   4.15714 466.26506,1218.79022
   4.17446 475.90361,1208.49421
   4.19178 478.31325,1195.62420
   4.20910 483.13253,1193.05019
   4.22642 490.36145,1187.90219
   4.24374 497.59036,1185.32819
   4.26106 502.40964,1172.45817
   4.27839 502.40964,1164.73616
   4.29571 497.59036,1169.88417
   4.31303 500.00000,1167.31017
   4.33035 504.81928,1157.01416
   4.34767 504.81928,1157.01416
   4.36499 504.81928,1157.01416
   4.38231 512.04819,1157.01416
   4.39964 519.27711,1149.29215
   4.41696 524.09639,1149.29215
   4.43428 528.91566,1154.44015
   4.45160 528.91566,1159.58816
   4.46892 531.32530,1164.73616
   4.48624 536.14458,1151.86615
   4.50356 536.14458,1162.16216
   4.52089 543.37349,1175.03218
   4.53821 548.19277,1175.03218
   4.55553 557.83133,1185.32819
   4.57285 557.83133,1198.19820
   4.59017 557.83133,1195.62420
   4.60749 560.24096,1208.49421
   4.62481 562.65060,1208.49421
   4.64214 572.28916,1218.79022
   4.65946 572.28916,1231.66023
   4.67678 581.92771,1231.66023
   4.69410 581.92771,1229.08623
   4.71142 581.92771,1226.51223
   4.72874 584.33735,1226.51223
   4.74606 586.74699,1226.51223
   4.76339 586.74699,1226.51223
   4.78071 586.74699,1223.93822
   4.79803 581.92771,1226.51223
   4.81535 581.92771,1223.93822
   4.83267 581.92771,1223.93822
   4.84999 589.15663,1221.36422
   4.86731 591.56627,1221.36422
   4.88463 591.56627,1221.36422
   4.90196 591.56627,1218.79022
   4.91928 591.56627,1211.06821
   4.93660 596.38554,1216.21622
   4.95392 596.38554,1216.21622
   4.97124 596.38554,1216.21622
   4.98856 596.38554,1218.79022
   5.00588 596.38554,1218.79022
   5.02321 596.38554,1218.79022
   5.04053 596.38554,1218.79022
   5.05785 598.79518,1213.64221
   5.07517 598.79518,1211.06821
   5.09249 598.79518,1211.06821
   5.10981 598.79518,1211.06821
   5.12713 598.79518,1211.06821
   5.14446 598.79518,1211.06821
   5.16178 598.79518,1211.06821
   5.17910 603.61446,1211.06821
   5.19642 606.02410,1211.06821
   5.21374 606.02410,1218.79022
   5.23106 601.20482,1221.36422
   5.24838 601.20482,1216.21622
   5.26571 606.02410,1213.64221
