   0.00000 532.25806,1004.21348
   0.01732 532.25806,1009.83146
   0.03464 535.02304,1009.83146
   0.05196 532.25806,1009.83146
   0.06929 532.25806,1007.02247
   0.08661 537.78802,1015.44944
   0.10393 532.25806,1009.83146
   0.12125 532.25806,1009.83146
   0.13857 535.02304,1009.83146
   0.15589 535.02304,1004.21348
   0.17321 537.78802,1009.83146
   0.19054 532.25806,1007.02247
   0.20786 535.02304,1007.02247
   0.22518 532.25806,1007.02247
   0.24250 535.02304,1012.64045
   0.25982 533.46774,1005.09554
   0.27714 532.66129,1005.09554
   0.29446 532.66129,1005.09554
   0.31179 532.66129,1007.64331
   0.32911 532.66129,1015.28662
   0.34643 531.85484,1010.19108
   0.36375 531.85484,1010.19108
   0.38107 531.85484,1010.19108
   0.39839 531.85484,1010.19108
   0.41571 531.85484,1010.19108
   0.43304 531.85484,1010.19108
   0.45036 531.85484,1010.19108
   0.46768 531.85484,1010.19108
   0.48500 531.85484,1010.19108
   0.50232 531.85484,1010.19108
   0.51964 531.85484,1010.19108
   0.53696 531.85484,1010.19108
   0.55428 531.85484,1010.19108
   0.57161 531.85484,1010.19108
   0.58893 531.85484,1010.19108
   0.60625 531.85484,1010.19108
   0.62357 531.85484,1010.19108
   0.64089 531.85484,1010.19108
   0.65821 531.85484,1010.19108
   0.67553 531.85484,1010.19108
   0.69286 531.85484,1010.19108
   0.71018 531.85484,1010.19108
   0.72750 531.85484,1010.19108
   0.74482 531.85484,1010.19108
   0.76214 531.85484,1010.19108
   0.77946 531.85484,1010.19108
   0.79678 531.85484,1010.19108
   0.81411 531.85484,1010.19108
   0.83143 531.85484,1010.19108
   0.84875 531.85484,1010.19108
   0.86607 531.85484,1010.19108
   0.88339 531.85484,1010.19108
   0.90071 531.85484,1010.19108
   0.91803 531.85484,1010.19108
   0.93536 531.85484,1010.19108
   0.95268 531.85484,1010.19108
   0.97000 531.85484,1010.19108
   0.98732 531.85484,1010.19108
   1.00464 533.46774,1002.54777
   1.02196 533.46774,1007.64331
   1.03928 532.66129,1005.09554
   1.05661 531.85484,1007.64331
   1.07393 534.27419,1005.09554
   1.09125 534.27419,1002.54777
   1.10857 534.27419,1000.00000
   1.12589 532.66129,1000.00000
   1.14321 532.66129,1005.09554
   1.16053 533.46774,1005.09554
   1.17786 534.27419,1005.09554
   1.19518 534.27419,1005.09554
   1.21250 535.08065,1005.09554
   1.22982 535.08065,1005.09554
   1.24714 535.08065,1005.09554
   1.26446 535.08065,1005.09554
   1.28178 535.08065,1005.09554
   1.29910 535.08065,1005.09554
   1.31643 535.08065,1005.09554
   1.33375 535.08065,1005.09554
   1.35107 535.08065,1005.09554
   1.36839 535.08065,1005.09554
   1.38571 535.08065,1005.09554
   1.40303 535.08065,1005.09554
   1.42035 535.08065,1005.09554
   1.43768 534.27419,1007.64331
   1.45500 535.08065,1005.09554
   1.47232 535.88710,1005.09554
   1.48964 532.25806,1004.21348
   1.50696 529.49309,1004.21348
   1.52428 529.49309,1012.64045
   1.54160 543.31797,1012.64045
   1.55893 537.78802,1009.83146
   1.57625 527.53108,1008.53659
   1.59357 536.05684,1001.21951
   1.61089 533.92540,1001.21951
   1.62821 533.92540,1003.65854
   1.64553 533.92540,1003.65854
   1.66285 533.92540,1003.65854
   1.68018 533.92540,1010.97561
   1.69750 531.79396,1008.53659
   1.71482 533.92540,1003.65854
   1.73214 536.05684,1003.65854
   1.74946 536.05684,1006.09756
   1.76678 533.92540,1008.53659
   1.78410 529.66252,1010.97561
   1.80143 531.79396,1010.97561
   1.81875 533.92540,1008.53659
   1.83607 533.92540,1008.53659
   1.85339 533.92540,1008.53659
   1.87071 533.92540,1008.53659
   1.88803 533.92540,1008.53659
   1.90535 533.92540,1003.65854
   1.92268 531.79396,1006.09756
   1.94000 533.92540,1008.53659
   1.95732 531.79396,1006.09756
   1.97464 531.79396,1006.09756
   1.99196 531.79396,1006.09756
   2.00928 531.79396,1008.53659
   2.02660 536.05684,1006.09756
   2.04393 536.05684,1008.53659
   2.06125 536.05684,1010.97561
   2.07857 533.92540,1010.97561
   2.09589 538.18828,1006.09756
   2.11321 533.92540,1010.97561
   2.13053 536.05684,1001.21951
   2.14785 533.92540,1006.09756
   2.16518 533.92540,1006.09756
   2.18250 533.92540,1006.09756
   2.19982 533.92540,1006.09756
   2.21714 533.92540,1006.09756
   2.23446 533.92540,1006.09756
   2.25178 533.92540,1006.09756
   2.26910 533.92540,1006.09756
   2.28642 533.92540,1006.09756
   2.30375 533.92540,1006.09756
   2.32107 533.92540,1006.09756
   2.33839 533.92540,1006.09756
   2.35571 533.92540,1006.09756
   2.37303 533.92540,1006.09756
   2.39035 533.92540,1006.09756
   2.40767 533.92540,1006.09756
   2.42500 533.92540,1006.09756
   2.44232 533.92540,1006.09756
   2.45964 533.92540,1006.09756
   2.47696 533.92540,1006.09756
   2.49428 533.92540,1006.09756
   2.51160 533.92540,1006.09756
   2.52892 533.92540,1006.09756
   2.54625 533.92540,1006.09756
   2.56357 533.92540,1006.09756
   2.58089 533.92540,1006.09756
   2.59821 533.92540,1006.09756
   2.61553 533.92540,1006.09756
   2.63285 533.92540,1006.09756
   2.65017 533.92540,1006.09756
   2.66750 533.92540,1006.09756
   2.68482 533.92540,1006.09756
   2.70214 529.66252,1006.09756
   2.71946 531.79396,1006.09756
   2.73678 531.79396,1008.53659
   2.75410 531.79396,1010.97561
   2.77142 531.79396,1010.97561
   2.78875 533.92540,1010.97561
   2.80607 533.92540,1015.85366
   2.82339 533.92540,1013.41463
   2.84071 531.79396,1013.41463
   2.85803 533.92540,1020.73171
   2.87535 533.92540,1018.29268
   2.89267 533.92540,1015.85366
   2.91000 533.92540,1015.85366
   2.92732 533.92540,1018.29268
   2.94464 533.92540,1020.73171
   2.96196 536.05684,1013.41463
   2.97928 536.05684,1015.85366
   2.99660 538.18828,1010.97561
   3.01392 538.18828,1010.97561
   3.03125 540.31972,1010.97561
   3.04857 538.18828,1008.53659
   3.06589 540.31972,1008.53659
   3.08321 540.31972,1006.09756
   3.10053 546.71403,1003.65854
   3.11785 557.37123, 989.02439
   3.13517 576.55417, 974.39024
   3.15249 595.73712, 950.00000
   3.16982 614.92007, 923.17073
   3.18714 614.92007, 889.02439
   3.20446 617.05151, 850.00000
   3.22178 625.57726, 820.73171
   3.23910 600.00000, 791.46341
   3.25642 572.29130, 769.51220
   3.27374 550.97691, 754.87805
   3.29107 491.29663, 747.56098
   3.30839 474.24512, 750.00000
   3.32571 478.50799, 767.07317
   3.34303 463.58792, 774.39024
   3.36035 459.32504, 784.14634
   3.37767 463.58792, 796.34146
   3.39499 463.58792, 808.53659
   3.41232 463.58792, 828.04878
   3.42964 467.85080, 830.48780
   3.44696 480.63943, 847.56098
   3.46428 493.42806, 852.43902
   3.48160 499.82238, 862.19512
   3.49892 510.47957, 867.07317
   3.51624 516.87389, 869.51220
   3.53357 536.05684, 869.51220
   3.55089 548.84547, 874.39024
   3.56821 553.10835, 867.07317
   3.58553 559.50266, 867.07317
   3.60285 561.63410, 862.19512
   3.62017 568.02842, 859.75610
   3.63749 570.15986, 867.07317
   3.65482 565.89698, 862.19512
   3.67214 561.63410, 864.63415
   3.68946 561.63410, 857.31707
   3.70678 553.10835, 862.19512
   3.72410 533.92540, 871.95122
   3.74142 519.00533, 889.02439
   3.75874 504.08526, 898.78049
   3.77607 489.16519, 920.73171
   3.79339 474.24512, 937.80488
   3.81071 463.58792, 962.19512
   3.82803 448.66785, 986.58537
   3.84535 440.14210,1015.85366
   3.86267 425.22202,1045.12195
   3.87999 420.95915,1079.26829
   3.89732 416.69627,1115.85366
   3.91464 420.95915,1152.43902
   3.93196 425.22202,1191.46341
   3.94928 435.87922,1254.87805
   3.96660 465.71936,1250.00000
   3.98392 484.90231,1308.53659
   4.00124 519.00533,1335.36585
   4.01856 542.45115,1347.56098
   4.03589 559.50266,1354.87805
   4.05321 574.42274,1367.07317
   4.07053 580.81705,1374.39024
   4.08785 561.63410,1384.14634
   4.10517 557.37123,1384.14634
   4.12249 533.92540,1386.58537
   4.13981 516.87389,1376.82927
   4.15714 480.63943,1364.63415
   4.17446 455.06217,1332.92683
   4.19178 444.40497,1313.41463
   4.20910 435.87922,1286.58537
   4.22642 433.74778,1254.87805
   4.24374 435.87922,1247.56098
   4.26106 438.01066,1230.48780
   4.27839 444.40497,1230.48780
   4.29571 455.06217,1220.73171
   4.31303 459.32504,1228.04878
   4.33035 461.45648,1230.48780
   4.34767 467.85080,1237.80488
   4.36499 467.85080,1247.56098
   4.38231 469.98224,1254.87805
   4.39964 480.63943,1271.95122
   4.41696 482.77087,1276.82927
   4.43428 491.29663,1289.02439
   4.45160 495.55950,1301.21951
   4.46892 508.34813,1310.97561
   4.48624 514.74245,1318.29268
   4.50356 529.66252,1328.04878
   4.52089 542.45115,1342.68293
   4.53821 561.63410,1354.87805
   4.55553 582.94849,1357.31707
   4.57285 591.47425,1371.95122
   4.59017 612.78863,1379.26829
   4.60749 623.44583,1389.02439
   4.62481 644.76021,1381.70732
   4.64214 663.94316,1398.78049
   4.65946 708.70337,1391.46341
   4.67678 723.62345,1393.90244
   4.69410 751.33215,1384.14634
   4.71142 751.33215,1371.95122
   4.72874 776.90941,1367.07317
   4.74606 787.56661,1359.75610
   4.76339 800.35524,1352.43902
   4.78071 821.66963,1335.36585
   4.79803 823.80107,1328.04878
   4.81535 838.72114,1313.41463
   4.83267 842.98401,1298.78049
   4.84999 847.24689,1286.58537
   4.86731 857.90409,1274.39024
   4.88463 860.03552,1267.07317
   4.90196 860.03552,1257.31707
   4.91928 866.42984,1252.43902
   4.93660 870.69272,1237.80488
   4.95392 870.69272,1235.36585
   4.97124 870.69272,1230.48780
   4.98856 872.82416,1218.29268
   5.00588 874.95560,1210.97561
   5.02321 879.21847,1203.65854
   5.04053 879.21847,1193.90244
   5.05785 879.21847,1186.58537
   5.07517 877.08703,1186.58537
   5.09249 883.48135,1184.14634
   5.10981 883.48135,1179.26829
   5.12713 885.61279,1169.51220
   5.14446 885.61279,1167.07317
   5.16178 885.61279,1157.31707
   5.17910 883.48135,1159.75610
   5.19642 883.48135,1150.00000
   5.21374 885.61279,1145.12195
   5.23106 885.61279,1145.12195
   5.24838 885.61279,1145.12195
   5.26571 885.61279,1142.68293
